mpc_no:
  dt: 0.02
  H: 4
  u_min: -10.0
  u_max: 10.0
  Q_theta: 46.62315421309158
  Q_x: 6.29263342194584
  R: 0.0021861663815034875
