cart_pid:
  Kp: 0.10234183486164493
  Ki: 0.0
  Kd: 0.09429649383576116
theta_ref_limit: 0.13328811368722723
theta_ref_rate: 0.5403881274977664
theta_ref_filter_tau: 0.08861350656997029
pend_pid:
  Kp: 15.008831589924739
  Ki: 0.0
  Kd: 4.303043328880902
