cart_pid:
  Kp: 0.0979119995894844
  Ki: 0.0
  Kd: 0.14581080577060915
theta_ref_limit: 0.11784269452881974
theta_ref_rate: 0.7557785396067638
theta_ref_filter_tau: 0.11090968362804439
pend_pid:
  Kp: 14.858648826741392
  Ki: 0.0
  Kd: 4.52121486133728
